% 命令行直接执行操作
% 常见操作

%%
magic(4)

% output:
% ans =
%     16     2     3    13
%      5    11    10     8
%      9     7     6    12
%      4    14    15     1

%%
A = 256/4 -100*2 + 128; % 命令行添加冒号不输出

% output:
% A = 
% -8

%%